url,name,address,city,state,phone
https://www.libertytax.com/18290,Results,"3200 TN-126, Blountville, TN 37617",Blountville,TN,(423) 354-3094
http://www.movementcpa.com/,Results,"1739 Euclid Avenue Suite 1, Bristol, VA 24201",Bristol,VA,(276) 285-9985
http://www.lawsonbookkeeping.com/,Results,"1020 William Blount Dr, Maryville, TN 37801",Maryville,TN,(865) 268-9215
http://www.davidwarrencpa.com/,Results,"301 8th St, Bristol, TN 37620",Bristol,TN,(423) 573-9015
http://www.ketron.cpa/,Results,"206 Princeton Rd UNIT 29, Johnson City, TN 37601",Johnson City,TN,(423) 830-2727
https://sullivancountytn.gov/accounts-and-budgets/,Results,"155 School Ave, Blountville, TN 37617",Blountville,TN,(423) 323-6409
http://www.davidfrizzellcpa.com/,Results,,Blountville,TN,(423) 282-0478
https://criticalcalculations.com/,Results,"225 W Center St Ste 218, Kingsport, TN 37660",Kingsport,TN,(423) 765-5290
http://www.bcscpa.com/,Results,"565 Volunteer Pkwy, Bristol, TN 37620",Bristol,TN,(423) 282-4511
http://graystationcpas.com/,Cline James P CPA,"140 Old Gray Station Rd #100, Gray, TN 37615",Gray,TN,(423) 477-0100
http://statax.com/,"Stanfield, Thomas, & Associates","724 Bluff City Hwy, Bristol, TN 37620",Bristol,TN,(423) 968-9112
https://www.facebook.com/EloiseStrouthBookkeeping/,Eloise Strouth Bookkeeping & Tax Service,"1722 Bristol Caverns Hwy, Bristol, TN 37620",Bristol,TN,(423) 878-3838
https://blueridgebookkeepingandtax.com/,Blue Ridge Bookkeeping and Tax Inc,"2715 E Oakland Ave #20, Johnson City, TN 37601",Johnson City,TN,(423) 282-2021
https://www.mcmurrycpa.com/,Results,"6130 Lonas Dr, Knoxville, TN 37909",Knoxville,TN,(865) 584-8871
http://hryorkcpas.com/,Results,"228 Rector Ave, Crossville, TN 38555",Crossville,TN,(931) 484-5570
http://www.hylandercpafirm.com/,Results,"155 N Main St Suite 107, Collierville, TN 38017",Collierville,TN,(901) 457-7451
https://www.awdaviscpa.com/,Results,"724 N Jackson St, Tullahoma, TN 37388",Tullahoma,TN,(931) 455-2227
http://www.companioncpa.com/,Results,"343 Foutch Dr, Cookeville, TN 38501",Cookeville,TN,(931) 526-7041
https://www.herbertleejonesdigital.com/,Results,,Blountville,TN,(423) 482-1935
https://www.facebook.com/associatedaccountingservices/,Results,"2119 Weaver Pike C, Bristol, TN 37620",Bristol,TN,(423) 573-2274
http://knobcreekcpa.com/,Results,"1906 Knob Creek Rd Ste 2, Johnson City, TN 37604",Johnson City,TN,(423) 282-2261
http://www.knobcreekcpa.com/,Results,"1906 Knob Creek Rd STE 2, Johnson City, TN 37604",Johnson City,TN,(423) 282-2261
http://www.gloverandglovercpas.com/,Results,"206 Wilson Pike Cir, Brentwood, TN 37027",Brentwood,TN,(615) 370-0341
